Confusion matrix:
[[283629      4  48042  42296  18420   3432]
 [   449   1626      1      2      1     80]
 [ 43351      0 286027   9859      0   1123]
 [ 55537      0   8402 110295   2258   1513]
 [ 19669      0     38   1991 140544    883]
 [  1692      0    444    471   2065  21776]]
CLASSIFICATION_REPORT:              precision    recall  f1-score   support

        0.0       0.70      0.72      0.71    395823
        1.0       1.00      0.75      0.86      2159
        2.0       0.83      0.84      0.84    340360
        3.0       0.67      0.62      0.64    178005
        4.0       0.86      0.86      0.86    163125
        5.0       0.76      0.82      0.79     26448

avg / total       0.76      0.76      0.76   1105920

ACCURACY: 0.7630723741319444