Confusion matrix:
[[188767     46  53694  48689  17262    859]
 [  1145   9652      0      0      0     30]
 [ 36490      0 391134   4610     30    160]
 [ 80078      0  20004 103500   3571    542]
 [ 29713      0     36   9541  96950    601]
 [    83      0      3    752    254   7724]]
CLASSIFICATION_REPORT:              precision    recall  f1-score   support

        0.0       0.56      0.61      0.58    309317
        1.0       1.00      0.89      0.94     10827
        2.0       0.84      0.90      0.87    432424
        3.0       0.62      0.50      0.55    207695
        4.0       0.82      0.71      0.76    136841
        5.0       0.78      0.88      0.82      8816

avg / total       0.72      0.72      0.72   1105920

ACCURACY: 0.7213243272569444