Confusion matrix:
[[3093311  169886  181123  106672]
 [ 462472  329308   41590   27061]
 [ 114271  227384  726268   37422]
 [  54339   14999   15298  149380]]
CLASSIFICATION_REPORT:              precision    recall  f1-score   support

          0       0.83      0.87      0.85   3550992
          1       0.44      0.38      0.41    860431
          2       0.75      0.66      0.70   1105345
          3       0.47      0.64      0.54    234016

avg / total       0.74      0.75      0.74   5750784

ACCURACY: 0.7474227861801104