Confusion matrix:
[[292732    218  38094  38097  14063   8644]
 [    69  53613    451      0      0    375]
 [ 37341     71 125822   9578      2   4471]
 [ 62794      0  15126 155753   2963   8521]
 [ 48802     63     24   4893 145356   2720]
 [  1324    942     72    453   1608  30865]]
CLASSIFICATION_REPORT:              precision    recall  f1-score   support

        0.0       0.66      0.75      0.70    391848
        1.0       0.98      0.98      0.98     54508
        2.0       0.70      0.71      0.71    177285
        3.0       0.75      0.64      0.69    245157
        4.0       0.89      0.72      0.79    201858
        5.0       0.56      0.88      0.68     35264

avg / total       0.74      0.73      0.73   1105920

ACCURACY: 0.7271240234375