Confusion matrix:
[[329358     25  33347  11746  44867]
 [    70   1163      6      0      0]
 [ 82527      2 181623    928      0]
 [ 82221      0  21550  43134   4508]
 [ 31376      0    265   7263 229941]]
CLASSIFICATION_REPORT:              precision    recall  f1-score   support

        0.0       0.63      0.79      0.70    419343
        1.0       0.98      0.94      0.96      1239
        2.0       0.77      0.69      0.72    265080
        3.0       0.68      0.28      0.40    151413
        4.0       0.82      0.86      0.84    268845

avg / total       0.72      0.71      0.70   1105920

ACCURACY: 0.7100142867476852