Confusion matrix:
[[105363  18697 182005  39861  28471      0]
 [   227  54052      0      0    229      0]
 [  4170      0 295414   6640   2969      0]
 [ 39035      0  35218  89330  18204      0]
 [  9273      2    450  26875 114171      0]
 [   701   1846   1685    892  30140      0]]
CLASSIFICATION_REPORT:              precision    recall  f1-score   support

        0.0       0.66      0.28      0.40    374397
        1.0       0.72      0.99      0.84     54508
        2.0       0.57      0.96      0.72    309193
        3.0       0.55      0.49      0.52    181787
        4.0       0.59      0.76      0.66    150771
      255.0       0.00      0.00      0.00     35264

avg / total       0.59      0.60      0.55   1105920

ACCURACY: 0.5952781394675926