Confusion matrix:
[[344341      5  77743  27926    883     75]
 [     0      0      0      0      0      0]
 [ 37306     16 163045   1199      0      0]
 [ 73897      7  49551  60469     55    848]
 [ 75309      0  22187 125943  36281     18]
 [  5314      0    750   1428    271   1053]]
CLASSIFICATION_REPORT:              precision    recall  f1-score   support

        0.0       0.64      0.76      0.70    450973
        1.0       0.00      0.00      0.00         0
        2.0       0.52      0.81      0.63    201566
        3.0       0.28      0.33      0.30    184827
        4.0       0.97      0.14      0.24    259738
        5.0       0.53      0.12      0.19      8816

avg / total       0.63      0.55      0.51   1105920

ACCURACY: 0.5472267433449074