Confusion matrix:
[[301344    159  86002  12608   4483   2783]
 [    22    522     14      0      0      1]
 [ 16938      0 207107    142      0    795]
 [ 77471      0  31192  76666     13   3312]
 [ 55294      0   9533  42078  49008    209]
 [ 40985      2  22414  10134   3661  51028]]
CLASSIFICATION_REPORT:              precision    recall  f1-score   support

        0.0       0.61      0.74      0.67    407379
        1.0       0.76      0.93      0.84       559
        2.0       0.58      0.92      0.71    224982
        3.0       0.54      0.41      0.46    188654
        4.0       0.86      0.31      0.46    156122
        5.0       0.88      0.40      0.55    128224

avg / total       0.66      0.62      0.60   1105920

ACCURACY: 0.6200041594328703