Confusion matrix:
[[305006    493  44951  24064   8331    707]
 [    10  34328      0      0      0      0]
 [ 45428      3 235928   4552      0     80]
 [ 35444      1  23040  51863     92    570]
 [ 80834      0    476   7313 158319      7]
 [ 10959   3437   4903   1040   6782  16959]]
CLASSIFICATION_REPORT:              precision    recall  f1-score   support

        0.0       0.64      0.80      0.71    383552
        1.0       0.90      1.00      0.95     34338
        2.0       0.76      0.82      0.79    285991
        3.0       0.58      0.47      0.52    111010
        4.0       0.91      0.64      0.75    246949
        5.0       0.93      0.38      0.54     44080

avg / total       0.75      0.73      0.72   1105920

ACCURACY: 0.7255524811921297