Confusion matrix:
[[102193      0  47174  42315   6763    702]
 [   361 114902     33      0      0      4]
 [  8097      0 288143   7167      6    206]
 [ 13782      0  58177 157288    405    120]
 [ 18995      0    460  39158  62212    217]
 [  9901    995  11483   7948   2051 104662]]
CLASSIFICATION_REPORT:              precision    recall  f1-score   support

        0.0       0.67      0.51      0.58    199147
        1.0       0.99      1.00      0.99    115300
        2.0       0.71      0.95      0.81    303619
        3.0       0.62      0.68      0.65    229772
        4.0       0.87      0.51      0.65    121042
        5.0       0.99      0.76      0.86    137040

avg / total       0.76      0.75      0.74   1105920

ACCURACY: 0.7499638310185185