Confusion matrix:
[[648930  18512  21682   1819]
 [ 49249  45142   4127    375]
 [ 47726   5585 210005    576]
 [ 21314   1602   6235  23041]]
CLASSIFICATION_REPORT:              precision    recall  f1-score   support

        0.0       0.85      0.94      0.89    690943
        1.0       0.64      0.46      0.53     98893
        2.0       0.87      0.80      0.83    263892
        3.0       0.89      0.44      0.59     52192

avg / total       0.83      0.84      0.83   1105920

ACCURACY: 0.8383228443287037